Iteration	CPUTime	PhysTime	Travels	Value	AvValue	MinValue	MaxValue	Delta	Criteria	Progress	CriteriaType	CriteriaVarType	CriteriaPercentage
1	2	0	0.0178284927	210.415484	210.415484	210.415484	210.415484	0	0	0	0	0	0	3
2	2	0	0.0356569855	38.9731369	124.69431	38.9731369	210.415484	85.7211736	0	0	0	0	0	3
3	2	0	0.0534854782	17.6240699	89.0042303	17.6240699	210.415484	121.411254	0	0	0	0	0	3
4	2	0	0.0713139709	10.2448343	69.3143813	10.2448343	210.415484	141.101103	0	0	0	0	0	3
5	2	0	0.0891424637	10.3922525	57.5299555	10.2448343	210.415484	152.885529	0	0	0	0	0	3
6	3	0	0.106970956	8.90767409	49.426242	8.90767409	210.415484	160.989242	0	0	0	0	0	3
7	3	0	0.124799449	10.1130645	43.8100737	8.90767409	210.415484	166.60541	0	0	0	0	0	3
8	3	0	0.142627942	9.20801754	39.4848167	8.90767409	210.415484	170.930667	0	0	0	0	0	3
9	3	0	0.160456435	10.2863952	36.2405477	8.90767409	210.415484	174.174936	0	0	0	0	0	3
10	3	0	0.178284927	9.2871925	33.5452121	8.90767409	210.415484	176.870272	0	0	0	0	0	3
11	3	0	0.19611342	10.116651	31.4153429	8.90767409	210.415484	179.000141	0	0	0	0	0	3
12	4	0	0.213941913	9.19827596	29.5639207	8.90767409	210.415484	180.851563	0	0	0	0	0	3
13	4	0	0.231770406	9.9465254	28.0548903	8.90767409	210.415484	182.360594	0	0	0	0	0	3
14	4	0	0.249598898	9.24211026	26.7111203	8.90767409	210.415484	183.704364	0	0	0	0	0	3
15	4	0	0.267427391	9.71622247	25.5781271	8.90767409	210.415484	184.837357	0	0	0	0	0	3
16	4	0	0.285255884	9.29416449	24.5603794	8.90767409	210.415484	185.855105	0	0	0	0	0	3
17	4	0	0.303084376	9.47947304	23.6732673	8.90767409	210.415484	186.742217	0	0	0	0	0	3
18	5	0	0.320912869	9.17107601	22.86759	8.90767409	210.415484	187.547894	0	0	0	0	0	3
19	5	0	0.338741362	9.24563788	22.1506452	8.90767409	210.415484	188.264839	0	0	0	0	0	3
20	5	0	0.356569855	8.9975637	21.4929911	8.90767409	210.415484	188.922493	0	0	0	0	0	3
21	5	0	0.374398347	9.02623143	20.8993359	8.90767409	210.415484	189.516148	0	0	0	0	0	3
22	5	0	0.39222684	8.88234763	20.3531091	8.88234763	210.415484	190.062375	0	0	0	0	0	3
23	5	0	0.410055333	8.84294434	19.8526672	8.84294434	210.415484	190.562817	0	0	0	0	0	3
24	5	0	0.427883826	8.75101127	19.3900982	8.75101127	210.415484	191.025386	0	0	0	0	0	3
25	6	0	0.445712318	8.71048949	18.9629138	8.71048949	210.415484	191.45257	0	0	0	0	0	3
26	6	0	0.463540811	8.66548739	18.566859	8.66548739	210.415484	191.848625	0	0	0	0	0	3
27	6	0	0.481369304	8.62826625	18.1987629	8.62826625	210.415484	192.216721	0	0	0	0	0	3
28	6	0	0.499197796	8.57348604	17.8550031	8.57348604	210.415484	192.560481	0	0	0	0	0	3
29	6	0	0.517026289	8.52767278	17.533371	8.52767278	210.415484	192.882113	0	0	0	0	0	3
30	6	0	0.534854782	8.48699372	10.5703196	8.48699372	38.9731369	30.4861432	0	0	0	0	0	3
31	7	0	0.552683275	8.46230482	9.51822193	8.46230482	17.6240699	9.16176505	0	0	0	0	0	3
32	7	0	0.570511767	8.42603396	9.20104827	8.42603396	10.3922525	1.96621851	0	0	0	0	0	3
33	7	0	0.58834026	8.4033113	9.13754748	8.4033113	10.3922525	1.98894118	0	0	0	0	0	3
34	7	0	0.606168753	8.37299591	9.06791794	8.37299591	10.2863952	1.91339928	0	0	0	0	0	3
35	7	0	0.623997246	8.36775786	9.04930014	8.36775786	10.2863952	1.91863733	0	0	0	0	0	3
36	8	0	0.641825738	8.33052383	8.98783322	8.33052383	10.2863952	1.95587136	0	0	0	0	0	3
37	8	0	0.659654231	8.3119325	8.95693374	8.3119325	10.2863952	1.97446269	0	0	0	0	0	3
38	8	0	0.677482724	8.26580207	8.88725811	8.26580207	10.116651	1.85084891	0	0	0	0	0	3
39	8	0	0.695311217	8.24477934	8.85131283	8.24477934	10.116651	1.87187164	0	0	0	0	0	3
40	8	0	0.713139709	8.20987811	8.78556204	8.20987811	9.9465254	1.73664728	0	0	0	0	0	3
41	9	0	0.730968202	8.20637885	8.75135869	8.20637885	9.9465254	1.74014655	0	0	0	0	0	3
42	9	0	0.748796695	8.19270539	8.69088214	8.19270539	9.71622247	1.52351708	0	0	0	0	0	3
43	9	0	0.766625187	8.20076601	8.65497372	8.19270539	9.71622247	1.52351708	0	0	0	0	0	3
44	9	0	0.78445368	8.20290881	8.60279049	8.19270539	9.47947304	1.28676765	0	0	0	0	0	3
45	9	0	0.802282173	8.22056089	8.56576968	8.19270539	9.47947304	1.28676765	0	0	0	0	0	3
46	10	0	0.820110666	8.21787746	8.52226638	8.19270539	9.24563788	1.05293249	0	0	0	0	0	3
47	10	0	0.837939158	8.23212982	8.48988893	8.19270539	9.24563788	1.05293249	0	0	0	0	0	3
48	10	0	0.855767651	8.23419148	8.45501146	8.19270539	9.02623143	0.833526039	0	0	0	0	0	3
49	10	0	0.873596144	8.24941214	8.42921313	8.19270539	9.02623143	0.833526039	0	0	0	0	0	3
50	10	0	0.891424637	8.24318745	8.40221162	8.19270539	8.88234763	0.689642246	0	0	0	0	0	3
51	10	0	0.909253129	8.25616959	8.38061927	8.19270539	8.84294434	0.650238955	0	0	0	0	0	3
52	11	0	0.927081622	8.26306568	8.36062346	8.19270539	8.75101127	0.558305885	0	0	0	0	0	3
53	11	0	0.944910115	8.28426292	8.34452868	8.19270539	8.71048949	0.5177841	0	0	0	0	0	3
54	11	0	0.962738608	8.28346666	8.32980376	8.19270539	8.66548739	0.472782001	0	0	0	0	0	3
55	11	0	0.9805671	8.2995561	8.31718544	8.19270539	8.62826625	0.435560866	0	0	0	0	0	3
56	11	0	0.998395593	8.29582097	8.30572181	8.19270539	8.57348604	0.38078065	0	0	0	0	0	3
57	12	0	1.01622409	8.29375093	8.29607577	8.19270539	8.52767278	0.334967388	0.282940935	0	84.4	0	0	3
58	12	0	1.03405258	8.26622673	8.28706039	8.19270539	8.48699372	0.294288327	0.282940935	0	96.1	0	0	3
59	12	0	1.05188107	8.25247356	8.27897349	8.19270539	8.46230482	0.269599435	0.282940935	0	100	0	0	3
60	12	0	1.06970956	8.22483374	8.27078483	8.19270539	8.42603396	0.233328576	0.282940935	0	100	0	0	3
61	12	0	1.08753806	8.21956904	8.26366535	8.19270539	8.4033113	0.21060591	0.282940935	0	100	0	0	3
62	13	0	1.10536655	8.19294355	8.25641129	8.19270539	8.37299591	0.180290521	0.282940935	0	100	0	0	3
63	13	0	1.12319504	8.189187	8.25007305	8.189187	8.36775786	0.178570857	0.282940935	0	100	0	0	3
