Iteration	CPUTime	PhysTime	Travels	Value	AvValue	MinValue	MaxValue	Delta	Criteria	Progress	CriteriaType	CriteriaVarType	CriteriaPercentage
1	2	0	0.0178284927	-130.252404	-130.252404	-130.252404	-130.252404	0	0	0	0	0	0	3
2	2	0	0.0356569855	-28.0383948	-79.1453992	-130.252404	-28.0383948	51.1070044	0	0	0	0	0	3
3	2	0	0.0534854782	-13.721691	-57.3374965	-130.252404	-13.721691	72.9149072	0	0	0	0	0	3
4	2	0	0.0713139709	-8.25376474	-45.0665635	-130.252404	-8.25376474	85.1858401	0	0	0	0	0	3
5	2	0	0.0891424637	-7.91961285	-37.6371734	-130.252404	-7.91961285	92.6152303	0	0	0	0	0	3
6	3	0	0.106970956	-6.7345026	-32.4867283	-130.252404	-6.7345026	97.7656754	0	0	0	0	0	3
7	3	0	0.124799449	-7.65426995	-28.9392342	-130.252404	-6.7345026	101.313169	0	0	0	0	0	3
8	3	0	0.142627942	-6.89251849	-26.1833948	-130.252404	-6.7345026	104.069009	0	0	0	0	0	3
9	3	0	0.160456435	-7.95315536	-24.1578126	-130.252404	-6.7345026	106.094591	0	0	0	0	0	3
10	3	0	0.178284927	-6.96476599	-22.4385079	-130.252404	-6.7345026	107.813896	0	0	0	0	0	3
11	3	0	0.19611342	-7.88640311	-21.1155893	-130.252404	-6.7345026	109.136814	0	0	0	0	0	3
12	4	0	0.213941913	-6.86548709	-19.9280808	-130.252404	-6.7345026	110.324323	0	0	0	0	0	3
13	4	0	0.231770406	-7.73322368	-18.9900149	-130.252404	-6.7345026	111.262389	0	0	0	0	0	3
14	4	0	0.249598898	-6.90663543	-18.1269163	-130.252404	-6.7345026	112.125487	0	0	0	0	0	3
15	4	0	0.267427391	-7.49260157	-17.417962	-130.252404	-6.7345026	112.834442	0	0	0	0	0	3
16	4	0	0.285255884	-6.97199088	-16.7650888	-130.252404	-6.7345026	113.487315	0	0	0	0	0	3
17	4	0	0.303084376	-7.25412672	-16.2056205	-130.252404	-6.7345026	114.046783	0	0	0	0	0	3
18	5	0	0.320912869	-6.89876493	-15.6885729	-130.252404	-6.7345026	114.563831	0	0	0	0	0	3
19	5	0	0.338741362	-7.04245899	-15.2335143	-130.252404	-6.7345026	115.018889	0	0	0	0	0	3
20	5	0	0.356569855	-6.75522461	-14.8095998	-130.252404	-6.7345026	115.442804	0	0	0	0	0	3
21	5	0	0.374398347	-6.81865964	-14.4290789	-130.252404	-6.7345026	115.823325	0	0	0	0	0	3
22	5	0	0.39222684	-6.66978938	-14.0763839	-130.252404	-6.66978938	116.17602	0	0	0	0	0	3
23	5	0	0.410055333	-6.6531668	-13.7536353	-130.252404	-6.6531668	116.498768	0	0	0	0	0	3
24	5	0	0.427883826	-6.57015062	-13.4543235	-130.252404	-6.57015062	116.79808	0	0	0	0	0	3
25	6	0	0.445712318	-6.54611685	-13.1779952	-130.252404	-6.54611685	117.074408	0	0	0	0	0	3
26	6	0	0.463540811	-6.49917108	-12.9211173	-130.252404	-6.49917108	117.331286	0	0	0	0	0	3
27	6	0	0.481369304	-6.47774206	-12.6824738	-130.252404	-6.47774206	117.56993	0	0	0	0	0	3
28	6	0	0.499197796	-6.43366907	-12.4593022	-130.252404	-6.43366907	117.793101	0	0	0	0	0	3
29	6	0	0.517026289	-6.39621751	-12.2502303	-130.252404	-6.39621751	118.002173	0	0	0	0	0	3
30	6	0	0.534854782	-6.36793576	-7.97835212	-28.0383948	-6.36793576	21.670459	0	0	0	0	0	3
31	7	0	0.552683275	-6.34699582	-7.23037285	-13.721691	-6.34699582	7.37469516	0	0	0	0	0	3
32	7	0	0.570511767	-6.31776957	-6.97506521	-8.25376474	-6.31776957	1.93599516	0	0	0	0	0	3
33	7	0	0.58834026	-6.3002762	-6.90770354	-7.95315536	-6.3002762	1.65287916	0	0	0	0	0	3
34	7	0	0.606168753	-6.27327835	-6.85093338	-7.95315536	-6.27327835	1.67987702	0	0	0	0	0	3
35	7	0	0.623997246	-6.27572417	-6.83511344	-7.95315536	-6.27327835	1.67987702	0	0	0	0	0	3
36	8	0	0.641825738	-6.24181745	-6.78640818	-7.95315536	-6.24181745	1.71133792	0	0	0	0	0	3
37	8	0	0.659654231	-6.23040066	-6.76357653	-7.95315536	-6.23040066	1.72275471	0	0	0	0	0	3
38	8	0	0.677482724	-6.18137883	-6.70248079	-7.88640311	-6.18137883	1.70502427	0	0	0	0	0	3
39	8	0	0.695311217	-6.16422867	-6.67487605	-7.88640311	-6.16422867	1.72217443	0	0	0	0	0	3
40	8	0	0.713139709	-6.13022676	-6.61431825	-7.73322368	-6.13022676	1.60299692	0	0	0	0	0	3
41	9	0	0.730968202	-6.12954246	-6.58894085	-7.73322368	-6.12954246	1.60368122	0	0	0	0	0	3
42	9	0	0.748796695	-6.11220388	-6.53304361	-7.49260157	-6.11220388	1.3803977	0	0	0	0	0	3
43	9	0	0.766625187	-6.12030529	-6.50592878	-7.49260157	-6.11220388	1.3803977	0	0	0	0	0	3
44	9	0	0.78445368	-6.12043697	-6.45861276	-7.25412672	-6.11220388	1.14192285	0	0	0	0	0	3
45	9	0	0.802282173	-6.13876025	-6.42988067	-7.25412672	-6.11220388	1.14192285	0	0	0	0	0	3
46	10	0	0.820110666	-6.13174791	-6.39117795	-7.04245899	-6.11220388	0.930255117	0	0	0	0	0	3
47	10	0	0.837939158	-6.14666901	-6.36524361	-7.04245899	-6.11220388	0.930255117	0	0	0	0	0	3
48	10	0	0.855767651	-6.14751482	-6.33438346	-6.81865964	-6.11220388	0.706455763	0	0	0	0	0	3
49	10	0	0.873596144	-6.16480997	-6.31402434	-6.81865964	-6.11220388	0.706455763	0	0	0	0	0	3
50	10	0	0.891424637	-6.1556672	-6.29116253	-6.66978938	-6.11220388	0.557585502	0	0	0	0	0	3
51	10	0	0.909253129	-6.16953135	-6.27391225	-6.6531668	-6.11220388	0.540962919	0	0	0	0	0	3
52	11	0	0.927081622	-6.17494488	-6.25742184	-6.57015062	-6.11220388	0.457946742	0	0	0	0	0	3
53	11	0	0.944910115	-6.1973523	-6.24456673	-6.54611685	-6.11220388	0.433912977	0	0	0	0	0	3
54	11	0	0.962738608	-6.19303672	-6.23239155	-6.49917108	-6.11220388	0.386967202	0	0	0	0	0	3
55	11	0	0.9805671	-6.20966168	-6.22240847	-6.47774206	-6.11220388	0.365538183	0	0	0	0	0	3
56	11	0	0.998395593	-6.20621376	-6.21304542	-6.43366907	-6.11220388	0.321465192	0	0	0	0	0	3
57	12	0	1.01622409	-6.21070008	-6.20535684	-6.39621751	-6.11220388	0.284013631	0.228284613	0	80.3	0	0	3
58	12	0	1.03405258	-6.18461442	-6.19806018	-6.36793576	-6.11220388	0.255731884	0.228284613	0	89.2	0	0	3
59	12	0	1.05188107	-6.17659688	-6.19146229	-6.34699582	-6.11220388	0.234791938	0.228284613	0	97.2	0	0	3
60	12	0	1.06970956	-6.15203194	-6.18473939	-6.31776957	-6.11220388	0.205565697	0.228284613	0	100	0	0	3
61	12	0	1.08753806	-6.15116895	-6.17899455	-6.3002762	-6.11220388	0.188072325	0.228284613	0	100	0	0	3
62	13	0	1.10536655	-6.12219519	-6.17285382	-6.27572417	-6.11220388	0.163520296	0.228284613	0	100	0	0	3
63	13	0	1.12319504	-6.12031126	-6.16757909	-6.27572417	-6.11220388	0.163520296	0.228284613	0	100	0	0	3
