Iteration	CPUTime	PhysTime	Travels	Value	AvValue	MinValue	MaxValue	Delta	Criteria	Progress	CriteriaType	CriteriaVarType	CriteriaPercentage
1	2	0	0.0178284927	-165.254154	-165.254154	-165.254154	-165.254154	0	0	0	0	0	0	3
2	2	0	0.0356569855	-27.0649069	-96.1595306	-165.254154	-27.0649069	69.0946237	0	0	0	0	0	3
3	2	0	0.0534854782	-11.0392212	-67.7860941	-165.254154	-11.0392212	97.4680602	0	0	0	0	0	3
4	2	0	0.0713139709	-6.01569817	-52.3434951	-165.254154	-6.01569817	112.910659	0	0	0	0	0	3
5	2	0	0.0891424637	-6.67542776	-43.2098817	-165.254154	-6.01569817	122.044273	0	0	0	0	0	3
6	3	0	0.106970956	-5.78904401	-36.9730754	-165.254154	-5.78904401	128.281079	0	0	0	0	0	3
7	3	0	0.124799449	-6.58500348	-32.6319223	-165.254154	-5.78904401	132.622232	0	0	0	0	0	3
8	3	0	0.142627942	-6.08444154	-29.3134872	-165.254154	-5.78904401	135.940667	0	0	0	0	0	3
9	3	0	0.160456435	-6.50678075	-26.7794087	-165.254154	-5.78904401	138.474746	0	0	0	0	0	3
10	3	0	0.178284927	-6.12461944	-24.7139298	-165.254154	-5.78904401	140.540225	0	0	0	0	0	3
11	3	0	0.19611342	-6.32552962	-23.042257	-165.254154	-5.78904401	142.211897	0	0	0	0	0	3
12	4	0	0.213941913	-6.11378592	-21.6315511	-165.254154	-5.78904401	143.622603	0	0	0	0	0	3
13	4	0	0.231770406	-6.24686805	-20.4481139	-165.254154	-5.78904401	144.80604	0	0	0	0	0	3
14	4	0	0.249598898	-6.13069586	-19.4254412	-165.254154	-5.78904401	145.828713	0	0	0	0	0	3
15	4	0	0.267427391	-6.17551089	-18.5421125	-165.254154	-5.78904401	146.712042	0	0	0	0	0	3
16	4	0	0.285255884	-6.13846392	-17.7668845	-165.254154	-5.78904401	147.48727	0	0	0	0	0	3
17	4	0	0.303084376	-6.09586841	-17.0803541	-165.254154	-5.78904401	148.1738	0	0	0	0	0	3
18	5	0	0.320912869	-6.03545696	-16.4667487	-165.254154	-5.78904401	148.787406	0	0	0	0	0	3
19	5	0	0.338741362	-5.9828852	-15.9149664	-165.254154	-5.78904401	149.339188	0	0	0	0	0	3
20	5	0	0.356569855	-5.93599789	-15.416018	-165.254154	-5.78904401	149.838136	0	0	0	0	0	3
21	5	0	0.374398347	-5.90968327	-14.9633354	-165.254154	-5.78904401	150.290819	0	0	0	0	0	3
22	5	0	0.39222684	-5.86211985	-14.5496438	-165.254154	-5.78904401	150.704511	0	0	0	0	0	3
23	5	0	0.410055333	-5.82218092	-14.1701889	-165.254154	-5.78904401	151.083965	0	0	0	0	0	3
24	5	0	0.427883826	-5.77690084	-13.8204685	-165.254154	-5.77690084	151.433686	0	0	0	0	0	3
25	6	0	0.445712318	-5.74313901	-13.4973754	-165.254154	-5.74313901	151.756779	0	0	0	0	0	3
26	6	0	0.463540811	-5.72921503	-13.1986	-165.254154	-5.72921503	152.055554	0	0	0	0	0	3
27	6	0	0.481369304	-5.69808267	-12.920803	-165.254154	-5.69808267	152.333351	0	0	0	0	0	3
28	6	0	0.499197796	-5.66519197	-12.6616741	-165.254154	-5.66519197	152.59248	0	0	0	0	0	3
29	6	0	0.517026289	-5.63866449	-12.4195013	-165.254154	-5.63866449	152.834653	0	0	0	0	0	3
30	6	0	0.534854782	-5.60892083	-6.91449327	-27.0649069	-5.60892083	21.4559861	0	0	0	0	0	3
31	7	0	0.552683275	-5.59610945	-6.17418991	-11.0392212	-5.59610945	5.44311171	0	0	0	0	0	3
32	7	0	0.570511767	-5.57453891	-5.98575259	-6.67542776	-5.57453891	1.10088884	0	0	0	0	0	3
33	7	0	0.58834026	-5.56001465	-5.97003937	-6.67542776	-5.56001465	1.1154131	0	0	0	0	0	3
34	7	0	0.606168753	-5.54468527	-5.93104825	-6.58500348	-5.54468527	1.04031821	0	0	0	0	0	3
35	7	0	0.623997246	-5.53407689	-5.92225628	-6.58500348	-5.53407689	1.05092659	0	0	0	0	0	3
36	8	0	0.641825738	-5.51639504	-5.88540771	-6.50678075	-5.51639504	0.990385713	0	0	0	0	0	3
37	8	0	0.659654231	-5.50153939	-5.86530764	-6.50678075	-5.50153939	1.00524136	0	0	0	0	0	3
38	8	0	0.677482724	-5.48688213	-5.83013872	-6.32552962	-5.48688213	0.838647481	0	0	0	0	0	3
39	8	0	0.695311217	-5.4750265	-5.80773896	-6.32552962	-5.4750265	0.850503118	0	0	0	0	0	3
40	8	0	0.713139709	-5.46029542	-5.7779033	-6.24686805	-5.46029542	0.786572626	0	0	0	0	0	3
41	9	0	0.730968202	-5.45637764	-5.75523405	-6.24686805	-5.45637764	0.790490405	0	0	0	0	0	3
42	9	0	0.748796695	-5.45505044	-5.72792999	-6.17551089	-5.45505044	0.720460449	0	0	0	0	0	3
43	9	0	0.766625187	-5.45824831	-5.70474215	-6.17551089	-5.45505044	0.720460449	0	0	0	0	0	3
44	9	0	0.78445368	-5.46125057	-5.68011248	-6.13846392	-5.45505044	0.683413482	0	0	0	0	0	3
45	9	0	0.802282173	-5.46718691	-5.656965	-6.09586841	-5.45505044	0.640817968	0	0	0	0	0	3
46	10	0	0.820110666	-5.47105815	-5.63541982	-6.03545696	-5.45505044	0.580406515	0	0	0	0	0	3
47	10	0	0.837939158	-5.475775	-5.61612044	-5.9828852	-5.45505044	0.527834762	0	0	0	0	0	3
48	10	0	0.855767651	-5.47789307	-5.59870692	-5.93599789	-5.45505044	0.480947452	0	0	0	0	0	3
49	10	0	0.873596144	-5.48130742	-5.58302793	-5.90968327	-5.45505044	0.454632834	0	0	0	0	0	3
50	10	0	0.891424637	-5.4822562	-5.56828907	-5.86211985	-5.45505044	0.407069412	0	0	0	0	0	3
51	10	0	0.909253129	-5.48624717	-5.55532794	-5.82218092	-5.45505044	0.36713048	0	0	0	0	0	3
52	11	0	0.927081622	-5.49052728	-5.54389161	-5.77690084	-5.45505044	0.3218504	0	0	0	0	0	3
53	11	0	0.944910115	-5.49710355	-5.53424343	-5.74313901	-5.45505044	0.288088572	0	0	0	0	0	3
54	11	0	0.962738608	-5.50090681	-5.52589059	-5.72921503	-5.45505044	0.274164588	0	0	0	0	0	3
55	11	0	0.9805671	-5.50631854	-5.51820451	-5.69808267	-5.45505044	0.24303223	0	0	0	0	0	3
56	11	0	0.998395593	-5.5047118	-5.51153655	-5.66519197	-5.45505044	0.210141532	0	0	0	0	0	3
57	12	0	1.01622409	-5.49625872	-5.50571126	-5.63866449	-5.45505044	0.183614047	0.167525122	0	91.2	0	0	3
58	12	0	1.03405258	-5.48446509	-5.50039404	-5.60892083	-5.45505044	0.153870385	0.167525122	0	100	0	0	3
59	12	0	1.05188107	-5.47261369	-5.49569379	-5.59610945	-5.45505044	0.141059011	0.167525122	0	100	0	0	3
60	12	0	1.06970956	-5.45881297	-5.49095943	-5.57453891	-5.45505044	0.119488472	0.167525122	0	100	0	0	3
61	12	0	1.08753806	-5.45163344	-5.48672131	-5.56001465	-5.45163344	0.108381218	0.167525122	0	100	0	0	3
62	13	0	1.10536655	-5.44432596	-5.48273205	-5.54468527	-5.44432596	0.100359309	0.167525122	0	100	0	0	3
63	13	0	1.12319504	-5.4407818	-5.47914917	-5.53407689	-5.4407818	0.0932950976	0.167525122	0	100	0	0	3
