Iteration	CPUTime	PhysTime	Travels	Value	AvValue	MinValue	MaxValue	Delta	Criteria	Progress	CriteriaType	CriteriaVarType	CriteriaPercentage
1	2	0	0.0130403695	25.9952524	25.9952524	25.9952524	25.9952524	0	0	0	0	0	0	3
2	2	0	0.0260807389	25.9958738	25.9955631	25.9952524	25.9958738	0.000310688749	0	0	0	0	0	3
3	3	0	0.0391211084	25.9959786	25.9957016	25.9952524	25.9959786	0.000449191977	0	0	0	0	0	3
4	3	0	0.0521614778	25.9962847	25.9958474	25.9952524	25.9962847	0.000594975055	0	0	0	0	0	3
5	3	0	0.0652018473	25.9964971	25.9959773	25.9952524	25.9964971	0.000724920831	0	0	0	0	0	3
6	4	0	0.0782422167	25.9969933	25.9961466	25.9952524	25.9969933	0.000894257521	0	0	0	0	0	3
7	4	0	0.0912825862	25.9974785	25.9963369	25.9952524	25.9974785	0.00108452155	0	0	0	0	0	3
8	4	0	0.104322956	25.998063	25.9965527	25.9952524	25.998063	0.00130027712	0	0	0	0	0	3
9	5	0	0.117363325	25.9985547	25.9967751	25.9952524	25.9985547	0.0015227299	0	0	0	0	0	3
10	5	0	0.130403695	25.9990916	25.9970068	25.9952524	25.9990916	0.00175437962	0	0	0	0	0	3
11	5	0	0.143444064	25.9995786	25.9972406	25.9952524	25.9995786	0.00198818331	0	0	0	0	0	3
12	6	0	0.156484433	26.0000761	25.9974769	25.9952524	26.0000761	0.00222447511	0	0	0	0	0	3
13	6	0	0.169524803	26.0004823	25.997708	25.9952524	26.0004823	0.00245566006	0	0	0	0	0	3
14	6	0	0.182565172	26.0008874	25.9979351	25.9952524	26.0008874	0.00268275548	0	0	0	0	0	3
15	7	0	0.195605542	26.0012331	25.998155	25.9952524	26.0012331	0.0029026169	0	0	0	0	0	3
16	7	0	0.208645911	26.0018727	25.9983874	25.9952524	26.0018727	0.0031349706	0	0	0	0	0	3
17	7	0	0.221686281	26.0024697	25.9986275	25.9952524	26.0024697	0.00337510794	0	0	0	0	0	3
18	8	0	0.23472665	26.0030587	25.9988737	25.9952524	26.0030587	0.00362128641	0	0	0	0	0	3
19	8	0	0.24776702	26.0036341	25.9991242	25.9952524	26.0036341	0.00387183461	0	0	0	0	0	3
20	9	0	0.260807389	26.0042108	25.9993786	25.9952524	26.0042108	0.00412616404	0	0	0	0	0	3
21	9	0	0.273847759	26.0050425	25.9996483	25.9952524	26.0050425	0.0043958777	0	0	0	0	0	3
22	9	0	0.286888128	26.0059009	25.9999325	25.9952524	26.0059009	0.00468008776	0	0	0	0	0	3
23	10	0	0.299928497	26.0067908	26.0002307	25.9952524	26.0067908	0.00497827448	0	0	0	0	0	3
24	10	0	0.312968867	26.0077262	26.000543	25.9952524	26.0077262	0.00529058749	0	0	0	0	0	3
25	10	0	0.326009236	26.0087066	26.0008695	25.9952524	26.0087066	0.00561713126	0	0	0	0	0	3
26	11	0	0.339049606	26.0105842	26.0012432	25.9952524	26.0105842	0.00599077476	0	0	0	0	0	3
27	11	0	0.352089975	26.012509	26.0016604	25.9952524	26.012509	0.00640802761	0	0	0	0	0	3
28	11	0	0.365130345	26.0144788	26.0021182	25.9952524	26.0144788	0.00686582864	0	0	0	0	0	3
29	12	0	0.378170714	26.0164735	26.0026132	25.9952524	26.0164735	0.00736083829	0	0	0	0	0	3
30	12	0	0.391211084	26.0184552	26.0031413	25.9952524	26.0184552	0.00788890462	0	0	0	0	0	3
31	13	0	0.404251453	26.0212501	26.0037254	25.9952524	26.0212501	0.00847305961	0	0	0	0	0	3
32	13	0	0.417291823	26.0236195	26.0043471	25.9952524	26.0236195	0.00909474826	0	0	0	0	0	3
33	13	0	0.430332192	26.0254857	26.0049877	25.9952524	26.0254857	0.00973531196	0	0	0	0	0	3
34	14	0	0.443372561	26.0268552	26.0056309	25.9952524	26.0268552	0.0103784738	0	0	0	0	0	3
35	14	0	0.456412931	26.0277772	26.0062636	25.9952524	26.0277772	0.0110112266	0	0	0	0	0	3
36	14	0	0.4694533	26.0285188	26.0068818	25.9952524	26.0285188	0.0116294255	0	0	0	0	0	3
37	15	0	0.48249367	26.0288256	26.0074749	25.9952524	26.0288256	0.012222502	0	0	0	0	0	3
38	15	0	0.495534039	26.0289075	26.0080389	25.9952524	26.0289075	0.0127865179	0	0	0	0	0	3
39	16	0	0.508574409	26.0288899	26.0085735	25.9952524	26.0289075	0.0133211575	0	0	0	0	0	3
40	16	0	0.521614778	26.0288684	26.0094355	25.9958738	26.0289075	0.0138724175	0	0	0	0	0	3
41	16	0	0.534655148	26.0289896	26.0102846	25.9959786	26.0289896	0.0145830375	0	0	0	0	0	3
42	17	0	0.547695517	26.0291326	26.0111347	25.9962847	26.0291326	0.0152873569	0	0	0	0	0	3
43	17	0	0.560735886	26.0292681	26.0119804	25.9964971	26.0292681	0.0160031381	0	0	0	0	0	3
44	17	0	0.573776256	26.0293814	26.0128236	25.9969933	26.0293814	0.0166769895	0	0	0	0	0	3
45	18	0	0.586816625	26.0294665	26.0136563	25.9974785	26.0294665	0.017319372	0	0	0	0	0	3
46	18	0	0.599856995	26.0293775	26.0144742	25.998063	26.0294665	0.017921541	0	0	0	0	0	3
47	18	0	0.612897364	26.0292711	26.0152744	25.9985547	26.0294665	0.0184992969	0	0	0	0	0	3
48	19	0	0.625937734	26.0291713	26.0160595	25.9990916	26.0294665	0.0190526876	0	0	0	0	0	3
49	19	0	0.638978103	26.0290861	26.0168285	25.9995786	26.0294665	0.0195879738	0	0	0	0	0	3
50	20	0	0.652018473	26.0290237	26.0175835	26.0000761	26.0294665	0.0201066841	0	0	0	0	0	3
51	20	0	0.665058842	26.0291511	26.0183291	26.0004823	26.0294665	0.0206210135	0	0	0	0	0	3
52	20	0	0.678099212	26.0292621	26.019067	26.0008874	26.0294665	0.0211318636	0	0	0	0	0	3
53	21	0	0.691139581	26.0293527	26.0197969	26.0012331	26.0294665	0.0216418812	0	0	0	0	0	3
54	21	0	0.70417995	26.0294288	26.0205199	26.0018727	26.0294665	0.0221324959	0	0	0	0	0	3
55	21	0	0.71722032	26.0294799	26.0212277	26.0024697	26.0294799	0.0226002366	0	0	0	0	0	3
56	22	0	0.730260689	26.0296198	26.0219239	26.0030587	26.0296198	0.0230502137	0	0	0	0	0	3
57	22	0	0.743301059	26.0297287	26.0226077	26.0036341	26.0297287	0.0234835116	0	0	0	0	0	3
58	22	0	0.756341428	26.0298257	26.0232793	26.0042108	26.0298257	0.0239007628	0	0	0	0	0	3
59	23	0	0.769381798	26.0299	26.023938	26.0050425	26.0299	0.0242897463	0	0	0	0	0	3
60	23	0	0.782422167	26.0299659	26.0245771	26.0059009	26.0299659	0.0240650478	0	0	0	0	0	3
61	23	0	0.795462537	26.0299058	26.0251926	26.0067908	26.0299659	0.0231751643	0	0	0	0	0	3
62	24	0	0.808502906	26.02984	26.0257836	26.0077262	26.0299659	0.02223976	0	0	0	0	0	3
63	24	0	0.821543276	26.0297688	26.0263488	26.0087066	26.0299659	0.0212593649	0	0	0	0	0	3
64	24	0	0.834583645	26.0297134	26.0268874	26.0105842	26.0299659	0.0193816846	0	0	0	0	0	3
65	25	0	0.847624014	26.0296628	26.0273766	26.012509	26.0299659	0.0174569448	0	0	0	0	0	3
66	25	0	0.860664384	26.0297141	26.0278178	26.0144788	26.0299659	0.0154870903	0	0	0	0	0	3
67	25	0	0.873704753	26.0297638	26.0282097	26.0164735	26.0299659	0.0134924382	0	0	0	0	0	3
68	26	0	0.886745123	26.0298174	26.0285518	26.0184552	26.0299659	0.0115107187	0	0	0	0	0	3
69	26	0	0.899785492	26.0298667	26.0288444	26.0212501	26.0299659	0.00871583726	0	0	0	0	0	3
70	26	0	0.912825862	26.0299201	26.0290668	26.0236195	26.0299659	0.0063464505	0	0	0	0	0	3
71	27	0	0.925866231	26.029837	26.0292262	26.0254857	26.0299659	0.00448019622	0	0	0	0	0	3
72	27	0	0.938906601	26.0297802	26.0293363	26.0268552	26.0299659	0.00311073337	0	0	0	0	0	3
73	27	0	0.95194697	26.029728	26.02941	26.0277772	26.0299659	0.00218872316	0	0	0	0	0	3
74	28	0	0.96498734	26.0296896	26.029459	26.0285188	26.0299659	0.00144715887	0	0	0	0	0	3
75	28	0	0.978027709	26.0296549	26.0294881	26.0288256	26.0299659	0.00114029074	0	0	0	0	0	3
76	28	0	0.991068078	26.0297544	26.0295119	26.0288684	26.0299659	0.00109754776	0	0	0	0	0	3
77	29	0	1.00410845	26.029818	26.0295353	26.0288684	26.0299659	0.00109754776	0.00101962045	0	92.8	0	0	3
78	29	0	1.01714882	26.0297839	26.0295582	26.0288684	26.0299659	0.00109754776	0.00101962045	0	92.8	0	0	3
79	29	0	1.03018919	26.0297618	26.0295811	26.0289896	26.0299659	0.000976363637	0.00101962045	0	100	0	0	3
