Iteration	CPUTime	PhysTime	Travels	Value	AvValue	MinValue	MaxValue	Delta	Criteria	Progress	CriteriaType	CriteriaVarType	CriteriaPercentage
1	2	0	0.0129655121	29.9954566	29.9954566	29.9954566	29.9954566	0	0	0	0	0	0	3
2	2	0	0.0259310242	29.9958056	29.9956311	29.9954566	29.9958056	0.000174480729	0	0	0	0	0	3
3	3	0	0.0388965363	29.995816	29.9956927	29.9954566	29.995816	0.000236114978	0	0	0	0	0	3
4	3	0	0.0518620483	29.9959645	29.9957607	29.9954566	29.9959645	0.000304042575	0	0	0	0	0	3
5	3	0	0.0648275604	29.9961237	29.9958333	29.9954566	29.9961237	0.000376647196	0	0	0	0	0	3
6	4	0	0.0777930725	29.9964391	29.9959342	29.9954566	29.9964391	0.000477612172	0	0	0	0	0	3
7	4	0	0.0907585846	29.9968028	29.9960583	29.9954566	29.9968028	0.000601694761	0	0	0	0	0	3
8	4	0	0.103724097	29.9971881	29.9961995	29.9954566	29.9971881	0.000742915504	0	0	0	0	0	3
9	5	0	0.116689609	29.997538	29.9963483	29.9954566	29.997538	0.000891636643	0	0	0	0	0	3
10	5	0	0.129655121	29.9978815	29.9965016	29.9954566	29.9978815	0.00104496423	0	0	0	0	0	3
11	6	0	0.142620633	29.9982157	29.9966574	29.9954566	29.9982157	0.00120079218	0	0	0	0	0	3
12	6	0	0.155586145	29.9984991	29.9968109	29.9954566	29.9984991	0.00135426826	0	0	0	0	0	3
13	6	0	0.168551657	29.998708	29.9969568	29.9954566	29.998708	0.00150019949	0	0	0	0	0	3
14	7	0	0.181517169	29.9988859	29.9970946	29.9954566	29.9988859	0.00163798997	0	0	0	0	0	3
15	7	0	0.194482681	29.9990125	29.9972225	29.9954566	29.9990125	0.00176584907	0	0	0	0	0	3
16	7	0	0.207448193	29.9992342	29.9973482	29.9954566	29.9992342	0.00189158325	0	0	0	0	0	3
17	8	0	0.220413705	29.9994219	29.9974702	29.9954566	29.9994219	0.00201356639	0	0	0	0	0	3
18	8	0	0.233379218	29.9996433	29.9975909	29.9954566	29.9996433	0.00213429577	0	0	0	0	0	3
19	9	0	0.24634473	29.9998842	29.9977116	29.9954566	29.9998842	0.00225499494	0	0	0	0	0	3
20	9	0	0.259310242	30.0001996	29.997836	29.9954566	30.0001996	0.00237939261	0	0	0	0	0	3
21	9	0	0.272275754	30.0007264	29.9979737	29.9954566	30.0007264	0.00251703217	0	0	0	0	0	3
22	10	0	0.285241266	30.0014517	29.9981318	29.9954566	30.0014517	0.0026751253	0	0	0	0	0	3
23	10	0	0.298206778	30.0023312	29.9983143	29.9954566	30.0023312	0.00285771101	0	0	0	0	0	3
24	10	0	0.31117229	30.00343	29.9985275	29.9954566	30.00343	0.0030708644	0	0	0	0	0	3
25	11	0	0.324137802	30.0047105	29.9987748	29.9954566	30.0047105	0.00331818611	0	0	0	0	0	3
26	11	0	0.337103314	30.0069525	29.9990893	29.9954566	30.0069525	0.00363271063	0	0	0	0	0	3
27	12	0	0.350068826	30.0094184	29.9994719	29.9954566	30.0094184	0.00401526952	0	0	0	0	0	3
28	12	0	0.363034338	30.0120381	29.9999207	29.9954566	30.0120381	0.00446406146	0	0	0	0	0	3
29	12	0	0.37599985	30.0147047	30.0004305	29.9954566	30.0147047	0.0049738547	0	0	0	0	0	3
30	13	0	0.388965363	30.0173042	30.0009929	29.9954566	30.0173042	0.0055363115	0	0	0	0	0	3
31	13	0	0.401930875	30.0207853	30.0016314	29.9954566	30.0207853	0.00617477599	0	0	0	0	0	3
32	13	0	0.414896387	30.0235937	30.0023177	29.9954566	30.0235937	0.00686109918	0	0	0	0	0	3
33	14	0	0.427861899	30.0256134	30.0030237	29.9954566	30.0256134	0.00756702906	0	0	0	0	0	3
34	14	0	0.440827411	30.0268393	30.0037241	29.9954566	30.0268393	0.00826748959	0	0	0	0	0	3
35	15	0	0.453792923	30.0273922	30.0044003	29.9954566	30.0273922	0.00894372102	0	0	0	0	0	3
36	15	0	0.466758435	30.0273511	30.0050379	29.9954566	30.0273922	0.00958124324	0	0	0	0	0	3
37	15	0	0.479723947	30.0267547	30.0056248	29.9954566	30.0273922	0.0101681856	0	0	0	0	0	3
38	16	0	0.492689459	30.0259476	30.0061596	29.9954566	30.0273922	0.0107029967	0	0	0	0	0	3
39	16	0	0.505654971	30.0251345	30.0066462	29.9954566	30.0273922	0.0111895315	0	0	0	0	0	3
40	17	0	0.518620483	30.024426	30.007389	29.9958056	30.0273922	0.0117578545	0	0	0	0	0	3
41	17	0	0.531585995	30.023606	30.0081018	29.995816	30.0273922	0.0124090514	0	0	0	0	0	3
42	17	0	0.544551508	30.0230652	30.0088005	29.9959645	30.0273922	0.0130398221	0	0	0	0	0	3
43	18	0	0.55751702	30.0227168	30.0094864	29.9961237	30.0273922	0.0136531751	0	0	0	0	0	3
44	18	0	0.570482532	30.0224811	30.0101623	29.9964391	30.0273922	0.0142280413	0	0	0	0	0	3
45	19	0	0.583448044	30.0223108	30.0108257	29.9968028	30.0273922	0.0147673355	0	0	0	0	0	3
46	19	0	0.596413556	30.0220712	30.0114736	29.9971881	30.0273922	0.0152740231	0	0	0	0	0	3
47	19	0	0.609379068	30.0218954	30.0121071	29.997538	30.0273922	0.0157588239	0	0	0	0	0	3
48	20	0	0.62234458	30.0217684	30.0127284	29.9978815	30.0273922	0.0162267871	0	0	0	0	0	3
49	20	0	0.635310092	30.0216518	30.0133379	29.9982157	30.0273922	0.0166804518	0	0	0	0	0	3
50	20	0	0.648275604	30.0215655	30.0139366	29.9984991	30.0273922	0.0171256882	0	0	0	0	0	3
51	21	0	0.661241116	30.0214572	30.0145253	29.998708	30.0273922	0.0175684242	0	0	0	0	0	3
52	21	0	0.674206628	30.0213684	30.0151063	29.9988859	30.0273922	0.0180116707	0	0	0	0	0	3
53	22	0	0.68717214	30.0212579	30.0156799	29.9990125	30.0273922	0.0184574532	0	0	0	0	0	3
54	22	0	0.700137653	30.0211618	30.0162479	29.9992342	30.0273922	0.0188996507	0	0	0	0	0	3
55	22	0	0.713103165	30.0210519	30.0168073	29.9994219	30.0273922	0.0193370956	0	0	0	0	0	3
56	23	0	0.726068677	30.0212074	30.0173659	29.9996433	30.0273922	0.019774968	0	0	0	0	0	3
57	23	0	0.739034189	30.0212716	30.0179205	29.9998842	30.0273922	0.0202088389	0	0	0	0	0	3
58	23	0	0.751999701	30.0212918	30.0184694	30.0001996	30.0273922	0.0206333526	0	0	0	0	0	3
59	24	0	0.764965213	30.0212789	30.0190099	30.0007264	30.0273922	0.0210362093	0	0	0	0	0	3
60	24	0	0.777930725	30.0212482	30.0195361	30.0014517	30.0273922	0.0214043138	0	0	0	0	0	3
61	24	0	0.790896237	30.0211523	30.0200412	30.0023312	30.0273922	0.021726871	0	0	0	0	0	3
62	25	0	0.803861749	30.0211075	30.0205227	30.00343	30.0273922	0.0219951597	0	0	0	0	0	3
63	25	0	0.816827261	30.021083	30.0209753	30.0047105	30.0273922	0.0222004787	0	0	0	0	0	3
64	25	0	0.829792773	30.0211059	30.0213957	30.0069525	30.0273922	0.0204397659	0	0	0	0	0	3
65	26	0	0.842758286	30.0211319	30.0217593	30.0094184	30.0273922	0.0179737889	0	0	0	0	0	3
66	26	0	0.855723798	30.0210752	30.0220582	30.0120381	30.0273922	0.015354146	0	0	0	0	0	3
67	27	0	0.86868931	30.0210665	30.0222897	30.0147047	30.0273922	0.0126875243	0	0	0	0	0	3
68	27	0	0.881654822	30.0210718	30.0224529	30.0173042	30.0273922	0.0100880308	0	0	0	0	0	3
69	27	0	0.894620334	30.0210882	30.0225499	30.0207853	30.0273922	0.00660687901	0	0	0	0	0	3
70	28	0	0.907585846	30.0211063	30.0225582	30.0210519	30.0273922	0.00634030305	0	0	0	0	0	3
71	28	0	0.920551358	30.0210208	30.0224922	30.0210208	30.0273922	0.00637142402	0	0	0	0	0	3
72	28	0	0.93351687	30.0209613	30.0223729	30.0209613	30.0273922	0.00643088872	0	0	0	0	0	3
73	29	0	0.946482382	30.020902	30.0222207	30.020902	30.0273922	0.00649018687	0	0	0	0	0	3
74	29	0	0.959447894	30.0208479	30.0220529	30.0208479	30.0273511	0.00650328455	0	0	0	0	0	3
75	29	0	0.972413406	30.0207889	30.0218846	30.0207889	30.0267547	0.00596587512	0	0	0	0	0	3
76	30	0	0.985378918	30.020742	30.0217304	30.020742	30.0259476	0.00520563759	0	0	0	0	0	3
77	30	0	0.998344431	30.0206847	30.0215955	30.0206847	30.0251345	0.00444980548	0	0	0	0	0	3
78	31	0	1.01130994	30.0206425	30.0214803	30.0206425	30.024426	0.00378343563	0.000947286185	0	25	0	0	3
79	31	0	1.02427545	30.0206173	30.0213826	30.0206173	30.023606	0.00298869521	0.000947286185	0	31.6	0	0	3
80	31	0	1.03724097	30.0206885	30.0213078	30.0206173	30.0230652	0.00244793192	0.000947286185	0	38.6	0	0	3
81	32	0	1.05020648	30.0208062	30.0212499	30.0206173	30.0227168	0.00209948819	0.000947286185	0	45.1	0	0	3
82	32	0	1.06317199	30.0209141	30.0212037	30.0206173	30.0224811	0.00186380077	0.000947286185	0	50.8	0	0	3
83	32	0	1.0761375	30.0209615	30.0211647	30.0206173	30.0223108	0.00169344797	0.000947286185	0	55.9	0	0	3
84	33	0	1.08910302	30.020983	30.0211307	30.0206173	30.0220712	0.00145393319	0.000947286185	0	65.1	0	0	3
85	33	0	1.10206853	30.0209224	30.0211012	30.0206173	30.0218954	0.00127812933	0.000947286185	0	74.1	0	0	3
86	34	0	1.11503404	30.020857	30.0210746	30.0206173	30.0217684	0.00115106489	0.000947286185	0	82.2	0	0	3
87	34	0	1.12799955	30.020788	30.0210495	30.0206173	30.0216518	0.00103444405	0.000947286185	0	91.5	0	0	3
88	34	0	1.14096506	30.0208366	30.0210286	30.0206173	30.0215655	0.000948174052	0.000947286185	0	99.9	0	0	3
89	35	0	1.15393058	30.0207743	30.0210083	30.0206173	30.0214572	0.000839843442	0.000947286185	0	100	0	0	3
90	35	0	1.16689609	30.0208242	30.020992	30.0206173	30.0213684	0.000751132028	0.000947286185	0	100	0	0	3
91	36	0	1.1798616	30.0209001	30.02098	30.0206173	30.0212918	0.000674441043	0.000947286185	0	100	0	0	3
92	36	0	1.19282711	30.020882	30.0209704	30.0206173	30.0212918	0.000674441043	0.000947286185	0	100	0	0	3
93	37	0	1.20579262	30.0208799	30.0209632	30.0206173	30.0212918	0.000674441043	0.000947286185	0	100	0	0	3
94	37	0	1.21875814	30.0208878	30.020959	30.0206173	30.0212918	0.000674441043	0.000947286185	0	100	0	0	3
95	37	0	1.23172365	30.0209286	30.0209518	30.0206173	30.0212918	0.000674441043	0.000947286185	0	100	0	0	3
96	38	0	1.24468916	30.020962	30.0209439	30.0206173	30.0212918	0.000674441043	0.000947286185	0	100	0	0	3
97	38	0	1.25765467	30.0209737	30.0209357	30.0206173	30.0212789	0.000661618045	0.000947286185	0	100	0	0	3
98	39	0	1.27062018	30.0209794	30.020928	30.0206173	30.0212482	0.000630846774	0.000947286185	0	100	0	0	3
99	39	0	1.2835857	30.020987	30.0209213	30.0206173	30.0211523	0.000534971936	0.000947286185	0	100	0	0	3
100	39	0	1.29655121	30.0209969	30.0209174	30.0206173	30.0211319	0.000514615208	0.000947286185	0	100	0	0	3
101	40	0	1.30951672	30.0210165	30.020915	30.0206173	30.0211319	0.000514615208	0.000947286185	0	100	0	0	3
102	41	0	1.32248223	30.0211074	30.0209156	30.0206173	30.0211319	0.000514615208	0.000947286185	0	100	0	0	3
103	41	0	1.33544774	30.0211157	30.0209159	30.0206173	30.0211319	0.000514615208	0.000947286185	0	100	0	0	3
104	41	0	1.34841326	30.0210737	30.0209144	30.0206173	30.0211157	0.000498374992	0.000947286185	0	100	0	0	3
105	42	0	1.36137877	30.0210161	30.0209129	30.0206173	30.0211157	0.000498374992	0.000947286185	0	100	0	0	3
106	42	0	1.37434428	30.0210989	30.0209137	30.0206173	30.0211157	0.000498374992	0.000947286185	0	100	0	0	3
107	43	0	1.38730979	30.021089	30.0209142	30.0206173	30.0211157	0.000498374992	0.000947286185	0	100	0	0	3
108	43	0	1.40027531	30.0211541	30.0209158	30.0206173	30.0211541	0.000536756119	0.000947286185	0	100	0	0	3
109	43	0	1.41324082	30.0211846	30.0209179	30.0206173	30.0211846	0.000567240315	0.000947286185	0	100	0	0	3
110	44	0	1.42620633	30.0211999	30.0209224	30.0206173	30.0211999	0.000582572734	0.000947286185	0	100	0	0	3
111	44	0	1.43917184	30.0212031	30.0209286	30.0206173	30.0212031	0.000585818674	0.000947286185	0	100	0	0	3
112	45	0	1.45213735	30.0212021	30.0209363	30.0206173	30.0212031	0.000585818674	0.000947286185	0	100	0	0	3
113	45	0	1.46510287	30.0211986	30.0209453	30.0206173	30.0212031	0.000585818674	0.000947286185	0	100	0	0	3
114	45	0	1.47806838	30.0212092	30.0209561	30.0206173	30.0212092	0.000591867218	0.000947286185	0	100	0	0	3
115	46	0	1.49103389	30.0211198	30.0209658	30.0206173	30.0212092	0.000591867218	0.000947286185	0	100	0	0	3
