Iteration	CPUTime	PhysTime	Travels	Value	AvValue	MinValue	MaxValue	Delta	Criteria	Progress	CriteriaType	CriteriaVarType	CriteriaPercentage
1	2	0	0.0129655121	-185.297107	-185.297107	-185.297107	-185.297107	0	0	0	0	0	0	3
2	2	0	0.0259310242	-25.6668334	-105.48197	-185.297107	-25.6668334	79.8151369	0	0	0	0	0	3
3	3	0	0.0388965363	-8.33287198	-73.0989375	-185.297107	-8.33287198	112.19817	0	0	0	0	0	3
4	3	0	0.0518620483	-5.57243597	-56.2173121	-185.297107	-5.57243597	129.079795	0	0	0	0	0	3
5	3	0	0.0648275604	-6.20764999	-46.2153797	-185.297107	-5.57243597	139.081727	0	0	0	0	0	3
6	4	0	0.0777930725	-5.77941933	-39.476053	-185.297107	-5.57243597	145.821054	0	0	0	0	0	3
7	4	0	0.0907585846	-6.33631329	-34.7418045	-185.297107	-5.57243597	150.555303	0	0	0	0	0	3
8	4	0	0.103724097	-6.03657257	-31.1536505	-185.297107	-5.57243597	154.143457	0	0	0	0	0	3
9	5	0	0.116689609	-6.42116698	-28.4055967	-185.297107	-5.57243597	156.89151	0	0	0	0	0	3
10	5	0	0.129655121	-6.08787546	-26.1738246	-185.297107	-5.57243597	159.123283	0	0	0	0	0	3
11	6	0	0.142620633	-6.34030429	-24.3707773	-185.297107	-5.57243597	160.92633	0	0	0	0	0	3
12	6	0	0.155586145	-6.14795521	-22.8522088	-185.297107	-5.57243597	162.444898	0	0	0	0	0	3
13	6	0	0.168551657	-6.29366264	-21.5784745	-185.297107	-5.57243597	163.718633	0	0	0	0	0	3
14	7	0	0.181517169	-6.19522134	-20.4796707	-185.297107	-5.57243597	164.817436	0	0	0	0	0	3
15	7	0	0.194482681	-6.25355721	-19.5312631	-185.297107	-5.57243597	165.765844	0	0	0	0	0	3
16	7	0	0.207448193	-6.2249107	-18.6996161	-185.297107	-5.57243597	166.597491	0	0	0	0	0	3
17	8	0	0.220413705	-6.22065383	-17.9655595	-185.297107	-5.57243597	167.331548	0	0	0	0	0	3
18	8	0	0.233379218	-6.19786042	-17.3117984	-185.297107	-5.57243597	167.985309	0	0	0	0	0	3
19	9	0	0.24634473	-6.16867391	-16.7253182	-185.297107	-5.57243597	168.571789	0	0	0	0	0	3
20	9	0	0.259310242	-6.15106629	-16.1966056	-185.297107	-5.57243597	169.100502	0	0	0	0	0	3
21	9	0	0.272275754	-6.10821056	-15.7162058	-185.297107	-5.57243597	169.580901	0	0	0	0	0	3
22	10	0	0.285241266	-6.0580106	-15.277197	-185.297107	-5.57243597	170.01991	0	0	0	0	0	3
23	10	0	0.298206778	-5.98866146	-14.8733476	-185.297107	-5.57243597	170.42376	0	0	0	0	0	3
24	10	0	0.31117229	-5.97184343	-14.5024516	-185.297107	-5.57243597	170.794656	0	0	0	0	0	3
25	11	0	0.324137802	-5.92463687	-14.159339	-185.297107	-5.57243597	171.137768	0	0	0	0	0	3
26	11	0	0.337103314	-5.929931	-13.8428233	-185.297107	-5.57243597	171.454284	0	0	0	0	0	3
27	12	0	0.350068826	-5.85946983	-13.5471435	-185.297107	-5.57243597	171.749964	0	0	0	0	0	3
28	12	0	0.363034338	-5.81427946	-13.2709698	-185.297107	-5.57243597	172.026137	0	0	0	0	0	3
29	12	0	0.37599985	-5.75070936	-13.0116505	-185.297107	-5.57243597	172.285457	0	0	0	0	0	3
30	13	0	0.388965363	-5.68504932	-12.7674305	-185.297107	-5.57243597	172.529677	0	0	0	0	0	3
31	13	0	0.401930875	-5.64861792	-12.5377913	-185.297107	-5.57243597	172.759316	0	0	0	0	0	3
32	13	0	0.414896387	-5.59451108	-12.3208138	-185.297107	-5.57243597	172.976293	0	0	0	0	0	3
33	14	0	0.427861899	-5.52900553	-12.1150015	-185.297107	-5.52900553	173.182106	0	0	0	0	0	3
34	14	0	0.440827411	-5.49238866	-11.9202187	-185.297107	-5.49238866	173.376888	0	0	0	0	0	3
35	15	0	0.453792923	-5.4470679	-11.7352716	-185.297107	-5.4470679	173.561836	0	0	0	0	0	3
36	15	0	0.466758435	-5.45031131	-11.5606893	-185.297107	-5.4470679	173.736418	0	0	0	0	0	3
37	15	0	0.479723947	-5.42748982	-11.3949272	-185.297107	-5.42748982	173.90218	0	0	0	0	0	3
38	16	0	0.492689459	-5.41392009	-11.2375323	-185.297107	-5.41392009	174.059575	0	0	0	0	0	3
39	16	0	0.505654971	-5.3985365	-11.0878144	-185.297107	-5.3985365	174.209293	0	0	0	0	0	3
40	17	0	0.518620483	-5.38780342	-6.47475536	-25.6668334	-5.38780342	20.27903	0	0	0	0	0	3
41	17	0	0.531585995	-5.37875057	-5.95454811	-8.33287198	-5.37875057	2.95412142	0	0	0	0	0	3
42	17	0	0.544551508	-5.3537586	-5.87816058	-6.42116698	-5.3537586	1.06740838	0	0	0	0	0	3
43	18	0	0.55751702	-5.33549857	-5.87208526	-6.42116698	-5.33549857	1.08566841	0	0	0	0	0	3
44	18	0	0.570482532	-5.31622292	-5.84922816	-6.42116698	-5.31622292	1.10494406	0	0	0	0	0	3
45	19	0	0.583448044	-5.30231574	-5.83699474	-6.42116698	-5.30231574	1.11885124	0	0	0	0	0	3
46	19	0	0.596413556	-5.28536456	-5.81004733	-6.42116698	-5.28536456	1.13580242	0	0	0	0	0	3
47	19	0	0.609379068	-5.26825774	-5.79034695	-6.42116698	-5.26825774	1.15290924	0	0	0	0	0	3
48	20	0	0.62234458	-5.25091089	-5.76034038	-6.34030429	-5.25091089	1.0893934	0	0	0	0	0	3
49	20	0	0.635310092	-5.24002395	-5.7386006	-6.34030429	-5.24002395	1.10028034	0	0	0	0	0	3
50	20	0	0.648275604	-5.23069828	-5.71014917	-6.29366264	-5.23069828	1.06296436	0	0	0	0	0	3
51	21	0	0.661241116	-5.22115049	-5.68638494	-6.29366264	-5.22115049	1.07251215	0	0	0	0	0	3
52	21	0	0.674206628	-5.20971811	-5.65859149	-6.25355721	-5.20971811	1.0438391	0	0	0	0	0	3
53	22	0	0.68717214	-5.19776459	-5.63301568	-6.25355721	-5.19776459	1.05579263	0	0	0	0	0	3
54	22	0	0.700137653	-5.19888186	-5.60597272	-6.2249107	-5.19776459	1.02714611	0	0	0	0	0	3
55	22	0	0.713103165	-5.19372466	-5.57953205	-6.22065383	-5.19372466	1.02692917	0	0	0	0	0	3
56	23	0	0.726068677	-5.20190986	-5.55341041	-6.19786042	-5.19372466	1.00413575	0	0	0	0	0	3
57	23	0	0.739034189	-5.21129801	-5.52811394	-6.16867391	-5.19372466	0.974949247	0	0	0	0	0	3
58	23	0	0.751999701	-5.22812047	-5.50399719	-6.15106629	-5.19372466	0.957341626	0	0	0	0	0	3
59	24	0	0.764965213	-5.2374627	-5.48057145	-6.10821056	-5.19372466	0.914485894	0	0	0	0	0	3
60	24	0	0.777930725	-5.25164956	-5.45860835	-6.0580106	-5.19372466	0.864285941	0	0	0	0	0	3
61	24	0	0.790896237	-5.25859094	-5.43811041	-5.98866146	-5.19372466	0.794936801	0	0	0	0	0	3
62	25	0	0.803861749	-5.26659117	-5.41959579	-5.97184343	-5.19372466	0.778118766	0	0	0	0	0	3
63	25	0	0.816827261	-5.26783989	-5.40154441	-5.929931	-5.19372466	0.73620634	0	0	0	0	0	3
64	25	0	0.829792773	-5.27146967	-5.38479654	-5.929931	-5.19372466	0.73620634	0	0	0	0	0	3
65	26	0	0.842758286	-5.26580505	-5.36776767	-5.85946983	-5.19372466	0.665745164	0	0	0	0	0	3
66	26	0	0.855723798	-5.26410729	-5.35250196	-5.81427946	-5.19372466	0.620554794	0	0	0	0	0	3
67	27	0	0.86868931	-5.2448981	-5.33790244	-5.75070936	-5.19372466	0.556984693	0	0	0	0	0	3
68	27	0	0.881654822	-5.24142855	-5.32484396	-5.68504932	-5.19372466	0.491324657	0	0	0	0	0	3
69	27	0	0.894620334	-5.23077313	-5.31319585	-5.64861792	-5.19372466	0.454893253	0	0	0	0	0	3
70	28	0	0.907585846	-5.2280554	-5.3024122	-5.59451108	-5.19372466	0.400786421	0	0	0	0	0	3
71	28	0	0.920551358	-5.2159116	-5.29270452	-5.52900553	-5.19372466	0.335280865	0	0	0	0	0	3
72	28	0	0.93351687	-5.20263986	-5.28433617	-5.49238866	-5.19372466	0.298663995	0	0	0	0	0	3
73	29	0	0.946482382	-5.18843607	-5.27654251	-5.45031131	-5.18843607	0.261875249	0	0	0	0	0	3
74	29	0	0.959447894	-5.18227842	-5.26975304	-5.45031131	-5.18227842	0.268032897	0	0	0	0	0	3
75	29	0	0.972413406	-5.17726566	-5.26275187	-5.42748982	-5.17726566	0.25022416	0	0	0	0	0	3
76	30	0	0.985378918	-5.17669027	-5.25632111	-5.41392009	-5.17669027	0.23722982	0	0	0	0	0	3
77	30	0	0.998344431	-5.17278194	-5.25013808	-5.3985365	-5.17278194	0.225754569	0	0	0	0	0	3
78	31	0	1.01130994	-5.17212723	-5.24433271	-5.38780342	-5.17212723	0.215676197	0.0948223427	0	43.9	0	0	3
79	31	0	1.02427545	-5.16527035	-5.23862674	-5.37875057	-5.16527035	0.213480218	0.0950280491	0	44.5	0	0	3
80	31	0	1.03724097	-5.16612954	-5.23317491	-5.3537586	-5.16527035	0.188488253	0.0950280491	0	50.4	0	0	3
81	32	0	1.05020648	-5.16540184	-5.22834525	-5.33549857	-5.16527035	0.170228218	0.0948223427	0	55.7	0	0	3
82	32	0	1.06317199	-5.18636995	-5.22452144	-5.31622292	-5.16527035	0.15095257	0.0948223427	0	62.8	0	0	3
83	32	0	1.0761375	-5.20176934	-5.22158674	-5.30231574	-5.16527035	0.137045397	0.0948223427	0	69.1	0	0	3
84	33	0	1.08910302	-5.22221472	-5.21953286	-5.28536456	-5.16527035	0.120094217	0.0948223427	0	78.9	0	0	3
85	33	0	1.10206853	-5.22970742	-5.21810576	-5.27146967	-5.16527035	0.106199326	0.0948223427	0	89.2	0	0	3
86	34	0	1.11503404	-5.23678409	-5.21729874	-5.27146967	-5.16527035	0.106199326	0.0948223427	0	89.2	0	0	3
87	34	0	1.12799955	-5.22985424	-5.21675883	-5.27146967	-5.16527035	0.106199326	0.0948223427	0	89.2	0	0	3
88	34	0	1.14096506	-5.22936207	-5.21648545	-5.27146967	-5.16527035	0.106199326	0.0948223427	0	89.2	0	0	3
89	35	0	1.15393058	-5.21979046	-5.21620576	-5.27146967	-5.16527035	0.106199326	0.0948223427	0	89.2	0	0	3
90	35	0	1.16689609	-5.21537643	-5.21605771	-5.27146967	-5.16527035	0.106199326	0.0948223427	0	89.2	0	0	3
91	36	0	1.1798616	-5.20866213	-5.21603063	-5.27146967	-5.16527035	0.106199326	0.0948223427	0	89.2	0	0	3
92	36	0	1.19282711	-5.21466866	-5.21646407	-5.27146967	-5.16527035	0.106199326	0.0948223427	0	89.2	0	0	3
93	37	0	1.20579262	-5.20788885	-5.21669502	-5.27146967	-5.16527035	0.106199326	0.0948223427	0	89.2	0	0	3
94	37	0	1.21875814	-5.20869306	-5.21707882	-5.27146967	-5.16527035	0.106199326	0.0948223427	0	89.2	0	0	3
95	37	0	1.23172365	-5.20139863	-5.21706571	-5.27146967	-5.16527035	0.106199326	0.0948223427	0	89.2	0	0	3
96	38	0	1.24468916	-5.20063594	-5.21679233	-5.27146967	-5.16527035	0.106199326	0.0948223427	0	89.2	0	0	3
97	38	0	1.25765467	-5.20214352	-5.21612625	-5.27146967	-5.16527035	0.106199326	0.0948223427	0	89.2	0	0	3
98	39	0	1.27062018	-5.21229911	-5.21548103	-5.27146967	-5.16527035	0.106199326	0.0948223427	0	89.2	0	0	3
99	39	0	1.2835857	-5.21347251	-5.21450213	-5.27146967	-5.16527035	0.106199326	0.0948223427	0	89.2	0	0	3
100	39	0	1.29655121	-5.21967156	-5.2135042	-5.27146967	-5.16527035	0.106199326	0.0948223427	0	89.2	0	0	3
101	40	0	1.30951672	-5.21776245	-5.21225218	-5.27146967	-5.16527035	0.106199326	0.0948223427	0	89.2	0	0	3
102	41	0	1.32248223	-5.22118101	-5.2110558	-5.27146967	-5.16527035	0.106199326	0.0948223427	0	89.2	0	0	3
103	41	0	1.33544774	-5.22108086	-5.20976378	-5.26580505	-5.16527035	0.100534706	0.0948223427	0	94.3	0	0	3
104	41	0	1.34841326	-5.22291387	-5.208664	-5.26410729	-5.16527035	0.0988369448	0.0948223427	0	95.9	0	0	3
105	42	0	1.36137877	-5.2121135	-5.20733083	-5.2448981	-5.16527035	0.0796277478	0.0948223427	0	100	0	0	3
106	42	0	1.37434428	-5.21030721	-5.20644388	-5.24142855	-5.16527035	0.0761581979	0.0948223427	0	100	0	0	3
107	43	0	1.38730979	-5.20457345	-5.20549888	-5.23678409	-5.16527035	0.0715137441	0.0948223427	0	100	0	0	3
108	43	0	1.40027531	-5.20418337	-5.20481709	-5.23678409	-5.16527035	0.0715137441	0.0948223427	0	100	0	0	3
109	43	0	1.41324082	-5.20122804	-5.20412921	-5.23678409	-5.16527035	0.0715137441	0.0948223427	0	100	0	0	3
110	44	0	1.42620633	-5.2058064	-5.2038701	-5.23678409	-5.16527035	0.0715137441	0.0948223427	0	100	0	0	3
111	44	0	1.43917184	-5.20464457	-5.20392151	-5.23678409	-5.16527035	0.0715137441	0.0948223427	0	100	0	0	3
112	45	0	1.45213735	-5.20976629	-5.20446843	-5.23678409	-5.16527035	0.0658829325	0.0948223427	0	100	0	0	3
113	45	0	1.46510287	-5.20919436	-5.20515859	-5.23678409	-5.16527035	0.0588817618	0.0948223427	0	100	0	0	3
114	45	0	1.47806838	-5.21171188	-5.20604182	-5.23678409	-5.16527035	0.0524510042	0.0948223427	0	100	0	0	3
115	46	0	1.49103389	-5.20702021	-5.20681951	-5.23678409	-5.16527035	0.0462679746	0.0948223427	0	100	0	0	3
