Iteration	CPUTime	PhysTime	Travels	Value	AvValue	MinValue	MaxValue	Delta	Criteria	Progress	CriteriaType	CriteriaVarType	CriteriaPercentage
1	2	0	0.0129655121	-179.195576	-179.195576	-179.195576	-179.195576	0	0	0	0	0	0	3
2	2	0	0.0259310242	-33.2480821	-106.221829	-179.195576	-33.2480821	72.9737469	0	0	0	0	0	3
3	3	0	0.0388965363	-10.6033068	-74.3489882	-179.195576	-10.6033068	104.846588	0	0	0	0	0	3
4	3	0	0.0518620483	-8.27649227	-57.8308643	-179.195576	-8.27649227	121.364712	0	0	0	0	0	3
5	3	0	0.0648275604	-8.12587234	-47.8898659	-179.195576	-8.12587234	131.30571	0	0	0	0	0	3
6	4	0	0.0777930725	-8.10077464	-41.2583507	-179.195576	-8.10077464	137.937225	0	0	0	0	0	3
7	4	0	0.0907585846	-8.90022802	-36.6357617	-179.195576	-8.10077464	142.559814	0	0	0	0	0	3
8	4	0	0.103724097	-8.60476903	-33.1318876	-179.195576	-8.10077464	146.063688	0	0	0	0	0	3
9	5	0	0.116689609	-9.45141607	-30.5007241	-179.195576	-8.10077464	148.694852	0	0	0	0	0	3
10	5	0	0.129655121	-8.59746353	-28.3103981	-179.195576	-8.10077464	150.885178	0	0	0	0	0	3
11	6	0	0.142620633	-9.53718461	-26.6037423	-179.195576	-8.10077464	152.591834	0	0	0	0	0	3
12	6	0	0.155586145	-8.59326785	-25.1028694	-179.195576	-8.10077464	154.092706	0	0	0	0	0	3
13	6	0	0.168551657	-9.48400543	-23.9014183	-179.195576	-8.10077464	155.294158	0	0	0	0	0	3
14	7	0	0.181517169	-8.78435135	-22.8216278	-179.195576	-8.10077464	156.373948	0	0	0	0	0	3
15	7	0	0.194482681	-9.37534605	-21.9252091	-179.195576	-8.10077464	157.270367	0	0	0	0	0	3
16	7	0	0.207448193	-8.91998587	-21.1123826	-179.195576	-8.10077464	158.083193	0	0	0	0	0	3
17	8	0	0.220413705	-9.23901347	-20.4139491	-179.195576	-8.10077464	158.781627	0	0	0	0	0	3
18	8	0	0.233379218	-8.99824164	-19.7797432	-179.195576	-8.10077464	159.415833	0	0	0	0	0	3
19	9	0	0.24634473	-9.0476062	-19.2148938	-179.195576	-8.10077464	159.980682	0	0	0	0	0	3
20	9	0	0.259310242	-8.91129924	-18.6997141	-179.195576	-8.10077464	160.495862	0	0	0	0	0	3
21	9	0	0.272275754	-8.8714965	-18.2317038	-179.195576	-8.10077464	160.963872	0	0	0	0	0	3
22	10	0	0.285241266	-8.69138198	-17.7980528	-179.195576	-8.10077464	161.397523	0	0	0	0	0	3
23	10	0	0.298206778	-8.5753127	-17.3970641	-179.195576	-8.10077464	161.798512	0	0	0	0	0	3
24	10	0	0.31117229	-8.49926045	-17.0263222	-179.195576	-8.10077464	162.169254	0	0	0	0	0	3
25	11	0	0.324137802	-8.36810227	-16.6799934	-179.195576	-8.10077464	162.515582	0	0	0	0	0	3
26	11	0	0.337103314	-8.36845891	-16.360319	-179.195576	-8.10077464	162.835257	0	0	0	0	0	3
27	12	0	0.350068826	-8.25507476	-16.0601248	-179.195576	-8.10077464	163.135451	0	0	0	0	0	3
28	12	0	0.363034338	-8.16349411	-15.7781023	-179.195576	-8.10077464	163.417474	0	0	0	0	0	3
29	12	0	0.37599985	-8.02897923	-15.5108911	-179.195576	-8.02897923	163.684685	0	0	0	0	0	3
30	13	0	0.388965363	-7.94054052	-15.2585461	-179.195576	-7.94054052	163.93703	0	0	0	0	0	3
31	13	0	0.401930875	-7.8514464	-15.0196074	-179.195576	-7.8514464	164.175968	0	0	0	0	0	3
32	13	0	0.414896387	-7.80015208	-14.7939994	-179.195576	-7.80015208	164.401576	0	0	0	0	0	3
33	14	0	0.427861899	-7.6895294	-14.5787125	-179.195576	-7.6895294	164.616863	0	0	0	0	0	3
34	14	0	0.440827411	-7.65131332	-14.3749654	-179.195576	-7.65131332	164.82061	0	0	0	0	0	3
35	15	0	0.453792923	-7.55468413	-14.1801003	-179.195576	-7.55468413	165.015476	0	0	0	0	0	3
36	15	0	0.466758435	-7.53744674	-13.9955821	-179.195576	-7.53744674	165.199994	0	0	0	0	0	3
37	15	0	0.479723947	-7.4754592	-13.8193626	-179.195576	-7.4754592	165.376213	0	0	0	0	0	3
38	16	0	0.492689459	-7.47098214	-13.6522999	-179.195576	-7.47098214	165.543276	0	0	0	0	0	3
39	16	0	0.505654971	-7.42534332	-13.4926344	-179.195576	-7.42534332	165.702942	0	0	0	0	0	3
40	17	0	0.518620483	-7.39300387	-9.08744022	-33.2480821	-7.39300387	25.8550782	0	0	0	0	0	3
41	17	0	0.531585995	-7.37160722	-8.42394086	-10.6033068	-7.37160722	3.23169955	0	0	0	0	0	3
42	17	0	0.544551508	-7.33585034	-8.34015993	-9.53718461	-7.33585034	2.20133427	0	0	0	0	0	3
43	18	0	0.55751702	-7.31510847	-8.31550906	-9.53718461	-7.31510847	2.22207614	0	0	0	0	0	3
44	18	0	0.570482532	-7.26733786	-8.29349536	-9.53718461	-7.26733786	2.26984675	0	0	0	0	0	3
45	19	0	0.583448044	-7.25023215	-8.27168657	-9.53718461	-7.25023215	2.28695245	0	0	0	0	0	3
46	19	0	0.596413556	-7.21376501	-8.22844393	-9.53718461	-7.21376501	2.32341959	0	0	0	0	0	3
47	19	0	0.609379068	-7.18957536	-8.19215692	-9.53718461	-7.18957536	2.34760925	0	0	0	0	0	3
48	20	0	0.62234458	-7.14656587	-8.13305819	-9.53718461	-7.14656587	2.39061874	0	0	0	0	0	3
49	20	0	0.635310092	-7.12858787	-8.09539471	-9.53718461	-7.12858787	2.40859674	0	0	0	0	0	3
50	20	0	0.648275604	-7.10010714	-8.03290555	-9.48400543	-7.10010714	2.38389829	0	0	0	0	0	3
51	21	0	0.661241116	-7.08771868	-7.99430172	-9.48400543	-7.08771868	2.39628674	0	0	0	0	0	3
52	21	0	0.674206628	-7.06738934	-7.93233721	-9.37534605	-7.06738934	2.30795671	0	0	0	0	0	3
53	22	0	0.68717214	-7.0420954	-7.88766398	-9.37534605	-7.0420954	2.33325065	0	0	0	0	0	3
54	22	0	0.700137653	-7.04159208	-7.82782413	-9.23901347	-7.04159208	2.19742139	0	0	0	0	0	3
55	22	0	0.713103165	-7.015213	-7.7789838	-9.23901347	-7.015213	2.22380047	0	0	0	0	0	3
56	23	0	0.726068677	-7.02788241	-7.72228814	-9.0476062	-7.015213	2.0323932	0	0	0	0	0	3
57	23	0	0.739034189	-7.03606231	-7.67197585	-9.0476062	-7.015213	2.0323932	0	0	0	0	0	3
58	23	0	0.751999701	-7.06142653	-7.62104816	-8.91129924	-7.015213	1.89608624	0	0	0	0	0	3
59	24	0	0.764965213	-7.0719412	-7.57388513	-8.8714965	-7.015213	1.85628351	0	0	0	0	0	3
60	24	0	0.777930725	-7.09788819	-7.528408	-8.69138198	-7.015213	1.67616899	0	0	0	0	0	3
61	24	0	0.790896237	-7.09926497	-7.48758449	-8.5753127	-7.015213	1.5600997	0	0	0	0	0	3
62	25	0	0.803861749	-7.1183322	-7.45022601	-8.49926045	-7.015213	1.48404745	0	0	0	0	0	3
63	25	0	0.816827261	-7.10795001	-7.41455138	-8.36845891	-7.015213	1.35324592	0	0	0	0	0	3
64	25	0	0.829792773	-7.13123797	-7.38283692	-8.36845891	-7.015213	1.35324592	0	0	0	0	0	3
65	26	0	0.842758286	-7.11589516	-7.3507199	-8.25507476	-7.015213	1.23986176	0	0	0	0	0	3
66	26	0	0.855723798	-7.13194419	-7.32192168	-8.16349411	-7.015213	1.14828111	0	0	0	0	0	3
67	27	0	0.86868931	-7.09465023	-7.29451542	-8.02897923	-7.015213	1.01376623	0	0	0	0	0	3
68	27	0	0.881654822	-7.10024574	-7.27070174	-7.94054052	-7.015213	0.925327521	0	0	0	0	0	3
69	27	0	0.894620334	-7.0753076	-7.24851628	-7.8514464	-7.015213	0.836233401	0	0	0	0	0	3
70	28	0	0.907585846	-7.07891339	-7.22870775	-7.80015208	-7.015213	0.784939083	0	0	0	0	0	3
71	28	0	0.920551358	-7.05961203	-7.20971954	-7.6895294	-7.015213	0.674316401	0	0	0	0	0	3
72	28	0	0.93351687	-7.05072313	-7.19333989	-7.65131332	-7.015213	0.63610032	0	0	0	0	0	3
73	29	0	0.946482382	-7.02286804	-7.17722591	-7.55468413	-7.015213	0.539471128	0	0	0	0	0	3
74	29	0	0.959447894	-7.00704409	-7.16318386	-7.53744674	-7.00704409	0.530402652	0	0	0	0	0	3
75	29	0	0.972413406	-6.98436323	-7.14900223	-7.4754592	-6.98436323	0.491095976	0	0	0	0	0	3
76	30	0	0.985378918	-6.98127544	-7.13633085	-7.47098214	-6.98127544	0.489706701	0	0	0	0	0	3
77	30	0	0.998344431	-6.95824613	-7.12318377	-7.42534332	-6.95824613	0.467097198	0	0	0	0	0	3
78	31	0	1.01130994	-6.96514048	-7.1113837	-7.39300387	-6.95824613	0.434757748	0.109351819	0	25.1	0	0	3
79	31	0	1.02427545	-6.94764454	-7.09996423	-7.37160722	-6.94764454	0.42396268	0.109669867	0	25.8	0	0	3
80	31	0	1.03724097	-6.95802611	-7.08935959	-7.33585034	-6.94764454	0.388205801	0.109669867	0	28.2	0	0	3
81	32	0	1.05020648	-6.94358012	-7.07930138	-7.31510847	-6.94358012	0.37152835	0.109351819	0	29.4	0	0	3
82	32	0	1.06317199	-6.97997937	-7.07070832	-7.26733786	-6.94358012	0.32375774	0.109351819	0	33.7	0	0	3
83	32	0	1.0761375	-6.9881145	-7.06354875	-7.25023215	-6.94358012	0.306652035	0.109351819	0	35.6	0	0	3
84	33	0	1.08910302	-7.02800621	-7.05785065	-7.21376501	-6.94358012	0.270184894	0.109351819	0	40.4	0	0	3
85	33	0	1.10206853	-7.03106096	-7.05316593	-7.18957536	-6.94358012	0.245995241	0.109351819	0	44.4	0	0	3
86	34	0	1.11503404	-7.05787181	-7.04978891	-7.14656587	-6.94358012	0.202985747	0.109351819	0	53.8	0	0	3
87	34	0	1.12799955	-7.0437358	-7.04715225	-7.13194419	-6.94358012	0.188364071	0.109351819	0	58	0	0	3
88	34	0	1.14096506	-7.05952022	-7.04538128	-7.13194419	-6.94358012	0.188364071	0.109351819	0	58	0	0	3
89	35	0	1.15393058	-7.03596922	-7.04373672	-7.13194419	-6.94358012	0.188364071	0.109351819	0	58	0	0	3
90	35	0	1.16689609	-7.03889877	-7.04248493	-7.13194419	-6.94358012	0.188364071	0.109351819	0	58	0	0	3
91	36	0	1.1798616	-7.0218741	-7.04131787	-7.13194419	-6.94358012	0.188364071	0.109351819	0	58	0	0	3
92	36	0	1.19282711	-7.03417946	-7.0411149	-7.13194419	-6.94358012	0.188364071	0.109351819	0	58	0	0	3
93	37	0	1.20579262	-7.02309122	-7.04064051	-7.13194419	-6.94358012	0.188364071	0.109351819	0	58	0	0	3
94	37	0	1.21875814	-7.04129157	-7.0413092	-7.13194419	-6.94358012	0.188364071	0.109351819	0	58	0	0	3
95	37	0	1.23172365	-7.03107588	-7.04139108	-7.13194419	-6.94358012	0.188364071	0.109351819	0	58	0	0	3
96	38	0	1.24468916	-7.04139619	-7.04152785	-7.13194419	-6.94358012	0.188364071	0.109351819	0	58	0	0	3
97	38	0	1.25765467	-7.03346477	-7.04081088	-7.13194419	-6.94358012	0.188364071	0.109351819	0	58	0	0	3
98	39	0	1.27062018	-7.04858433	-7.04021198	-7.13194419	-6.94358012	0.188364071	0.109351819	0	58	0	0	3
99	39	0	1.2835857	-7.03542211	-7.03861029	-7.13194419	-6.94358012	0.188364071	0.109351819	0	58	0	0	3
100	39	0	1.29655121	-7.05194699	-7.03739701	-7.13194419	-6.94358012	0.188364071	0.109351819	0	58	0	0	3
101	40	0	1.30951672	-7.03757754	-7.03532638	-7.13194419	-6.94358012	0.188364071	0.109351819	0	58	0	0	3
102	41	0	1.32248223	-7.05019777	-7.03384555	-7.13194419	-6.94358012	0.188364071	0.109351819	0	58	0	0	3
103	41	0	1.33544774	-7.0465922	-7.03167514	-7.13194419	-6.94358012	0.188364071	0.109351819	0	58	0	0	3
104	41	0	1.34841326	-7.05670016	-7.03015732	-7.13194419	-6.94358012	0.188364071	0.109351819	0	58	0	0	3
105	42	0	1.36137877	-7.04556728	-7.02794253	-7.10024574	-6.94358012	0.156665624	0.109351819	0	69.7	0	0	3
106	42	0	1.37434428	-7.04998348	-7.02679723	-7.10024574	-6.94358012	0.156665624	0.109351819	0	69.7	0	0	3
107	43	0	1.38730979	-7.0458118	-7.02540149	-7.07891339	-6.94358012	0.135333269	0.109351819	0	80.8	0	0	3
108	43	0	1.40027531	-7.05500141	-7.02488082	-7.07891339	-6.94358012	0.135333269	0.109351819	0	80.8	0	0	3
109	43	0	1.41324082	-7.0519033	-7.02418825	-7.05961203	-6.94358012	0.116031916	0.109351819	0	94.2	0	0	3
110	44	0	1.42620633	-7.05298687	-7.02401837	-7.05952022	-6.94358012	0.115940099	0.109351819	0	94.3	0	0	3
111	44	0	1.43917184	-7.0437054	-7.02383843	-7.05952022	-6.94358012	0.115940099	0.109351819	0	94.3	0	0	3
112	45	0	1.45213735	-7.04833618	-7.02449146	-7.05952022	-6.94358012	0.115940099	0.109351819	0	94.3	0	0	3
113	45	0	1.46510287	-7.04001515	-7.02533687	-7.05952022	-6.94358012	0.115940099	0.109351819	0	94.3	0	0	3
114	45	0	1.47806838	-7.05375306	-7.0271161	-7.05952022	-6.94358012	0.112492419	0.109351819	0	97.2	0	0	3
115	46	0	1.49103389	-7.04592959	-7.0287739	-7.05952022	-6.94358012	0.0993453413	0.109351819	0	100	0	0	3
