Iteration	CPUTime	PhysTime	Travels	Value	AvValue	MinValue	MaxValue	Delta	Criteria	Progress	CriteriaType	CriteriaVarType	CriteriaPercentage
1	2	0	0.0129655121	101326.741	101326.741	101326.741	101326.741	0	0	0	0	0	0	3
2	2	0	0.0259310242	101324.566	101325.653	101324.566	101326.741	1.08736133	0	0	0	0	0	3
3	3	0	0.0388965363	101324.684	101325.33	101324.566	101326.741	1.41046088	0	0	0	0	0	3
4	3	0	0.0518620483	101324.617	101325.152	101324.566	101326.741	1.58880484	0	0	0	0	0	3
5	3	0	0.0648275604	101324.672	101325.056	101324.566	101326.741	1.68478817	0	0	0	0	0	3
6	4	0	0.0777930725	101324.628	101324.985	101324.566	101326.741	1.75615313	0	0	0	0	0	3
7	4	0	0.0907585846	101324.707	101324.945	101324.566	101326.741	1.79574679	0	0	0	0	0	3
8	4	0	0.103724097	101324.662	101324.91	101324.566	101326.741	1.83114849	0	0	0	0	0	3
9	5	0	0.116689609	101324.717	101324.888	101324.566	101326.741	1.85259139	0	0	0	0	0	3
10	5	0	0.129655121	101324.65	101324.864	101324.566	101326.741	1.87640974	0	0	0	0	0	3
11	6	0	0.142620633	101324.701	101324.849	101324.566	101326.741	1.89124025	0	0	0	0	0	3
12	6	0	0.155586145	101324.637	101324.832	101324.566	101326.741	1.90891179	0	0	0	0	0	3
13	6	0	0.168551657	101324.67	101324.819	101324.566	101326.741	1.92133621	0	0	0	0	0	3
14	7	0	0.181517169	101324.614	101324.805	101324.566	101326.741	1.93602015	0	0	0	0	0	3
15	7	0	0.194482681	101324.64	101324.794	101324.566	101326.741	1.94703182	0	0	0	0	0	3
16	7	0	0.207448193	101324.593	101324.781	101324.566	101326.741	1.95956871	0	0	0	0	0	3
17	8	0	0.220413705	101324.598	101324.77	101324.566	101326.741	1.9703165	0	0	0	0	0	3
18	8	0	0.233379218	101324.556	101324.759	101324.556	101326.741	1.98221168	0	0	0	0	0	3
19	9	0	0.24634473	101324.555	101324.748	101324.555	101326.741	1.99290632	0	0	0	0	0	3
20	9	0	0.259310242	101324.516	101324.736	101324.516	101326.741	2.00450158	0	0	0	0	0	3
21	9	0	0.272275754	101324.515	101324.726	101324.515	101326.741	2.0150598	0	0	0	0	0	3
22	10	0	0.285241266	101324.469	101324.714	101324.469	101326.741	2.02674717	0	0	0	0	0	3
23	10	0	0.298206778	101324.447	101324.702	101324.447	101326.741	2.03836889	0	0	0	0	0	3
24	10	0	0.31117229	101324.414	101324.69	101324.414	101326.741	2.05038991	0	0	0	0	0	3
25	11	0	0.324137802	101324.397	101324.679	101324.397	101326.741	2.06210652	0	0	0	0	0	3
26	11	0	0.337103314	101324.375	101324.667	101324.375	101326.741	2.07377106	0	0	0	0	0	3
27	12	0	0.350068826	101324.362	101324.656	101324.362	101326.741	2.08508193	0	0	0	0	0	3
28	12	0	0.363034338	101324.348	101324.645	101324.348	101326.741	2.09605388	0	0	0	0	0	3
29	12	0	0.37599985	101324.346	101324.634	101324.346	101326.741	2.10634965	0	0	0	0	0	3
30	13	0	0.388965363	101324.346	101324.625	101324.346	101326.741	2.11596744	0	0	0	0	0	3
31	13	0	0.401930875	101324.349	101324.616	101324.346	101326.741	2.1248649	0	0	0	0	0	3
32	13	0	0.414896387	101324.354	101324.608	101324.346	101326.741	2.13304676	0	0	0	0	0	3
33	14	0	0.427861899	101324.361	101324.6	101324.346	101326.741	2.14052325	0	0	0	0	0	3
34	14	0	0.440827411	101324.371	101324.593	101324.346	101326.741	2.14727632	0	0	0	0	0	3
35	15	0	0.453792923	101324.38	101324.587	101324.346	101326.741	2.15337468	0	0	0	0	0	3
36	15	0	0.466758435	101324.39	101324.582	101324.346	101326.741	2.15886457	0	0	0	0	0	3
37	15	0	0.479723947	101324.397	101324.577	101324.346	101326.741	2.16384847	0	0	0	0	0	3
38	16	0	0.492689459	101324.405	101324.572	101324.346	101326.741	2.1683796	0	0	0	0	0	3
39	16	0	0.505654971	101324.409	101324.568	101324.346	101326.741	2.17255754	0	0	0	0	0	3
40	17	0	0.518620483	101324.413	101324.508	101324.346	101324.717	0.370748629	0	0	0	0	0	3
41	17	0	0.531585995	101324.415	101324.505	101324.346	101324.717	0.370748629	0	0	0	0	0	3
42	17	0	0.544551508	101324.417	101324.498	101324.346	101324.717	0.370748629	0	0	0	0	0	3
43	18	0	0.55751702	101324.418	101324.493	101324.346	101324.717	0.370748629	0	0	0	0	0	3
44	18	0	0.570482532	101324.419	101324.486	101324.346	101324.717	0.370748629	0	0	0	0	0	3
45	19	0	0.583448044	101324.42	101324.481	101324.346	101324.717	0.370748629	0	0	0	0	0	3
46	19	0	0.596413556	101324.422	101324.474	101324.346	101324.717	0.370748629	0	0	0	0	0	3
47	19	0	0.609379068	101324.424	101324.467	101324.346	101324.717	0.370748629	0	0	0	0	0	3
48	20	0	0.62234458	101324.426	101324.46	101324.346	101324.701	0.355337746	0	0	0	0	0	3
49	20	0	0.635310092	101324.427	101324.454	101324.346	101324.701	0.355337746	0	0	0	0	0	3
50	20	0	0.648275604	101324.429	101324.447	101324.346	101324.67	0.324453876	0	0	0	0	0	3
51	21	0	0.661241116	101324.431	101324.442	101324.346	101324.67	0.324453876	0	0	0	0	0	3
52	21	0	0.674206628	101324.432	101324.436	101324.346	101324.64	0.293687896	0	0	0	0	0	3
53	22	0	0.68717214	101324.433	101324.431	101324.346	101324.64	0.293687896	0	0	0	0	0	3
54	22	0	0.700137653	101324.434	101324.426	101324.346	101324.598	0.252601955	0	0	0	0	0	3
55	22	0	0.713103165	101324.435	101324.422	101324.346	101324.598	0.252601955	0	0	0	0	0	3
56	23	0	0.726068677	101324.435	101324.418	101324.346	101324.556	0.210453395	0	0	0	0	0	3
57	23	0	0.739034189	101324.435	101324.415	101324.346	101324.555	0.2094734	0	0	0	0	0	3
58	23	0	0.751999701	101324.436	101324.412	101324.346	101324.516	0.17007157	0	0	0	0	0	3
59	24	0	0.764965213	101324.437	101324.41	101324.346	101324.515	0.168658972	0	0	0	0	0	3
60	24	0	0.777930725	101324.437	101324.408	101324.346	101324.469	0.122701158	0	0	0	0	0	3
61	24	0	0.790896237	101324.437	101324.407	101324.346	101324.447	0.100836361	0	0	0	0	0	3
62	25	0	0.803861749	101324.436	101324.407	101324.346	101324.437	0.0914638846	0	0	0	0	0	3
63	25	0	0.816827261	101324.435	101324.407	101324.346	101324.437	0.0914638846	0	0	0	0	0	3
64	25	0	0.829792773	101324.433	101324.408	101324.346	101324.437	0.0914638846	0	0	0	0	0	3
65	26	0	0.842758286	101324.431	101324.409	101324.346	101324.437	0.0914638846	0	0	0	0	0	3
66	26	0	0.855723798	101324.431	101324.411	101324.346	101324.437	0.0914638846	0	0	0	0	0	3
67	27	0	0.86868931	101324.43	101324.413	101324.346	101324.437	0.0914638846	0	0	0	0	0	3
68	27	0	0.881654822	101324.43	101324.415	101324.346	101324.437	0.0914638846	0	0	0	0	0	3
69	27	0	0.894620334	101324.43	101324.418	101324.349	101324.437	0.0883694578	0	0	0	0	0	3
70	28	0	0.907585846	101324.431	101324.42	101324.354	101324.437	0.0832653181	0	0	0	0	0	3
71	28	0	0.920551358	101324.433	101324.422	101324.361	101324.437	0.0763515586	0	0	0	0	0	3
72	28	0	0.93351687	101324.434	101324.424	101324.371	101324.437	0.0667083678	0	0	0	0	0	3
73	29	0	0.946482382	101324.435	101324.425	101324.38	101324.437	0.0572996289	0	0	0	0	0	3
74	29	0	0.959447894	101324.437	101324.427	101324.39	101324.437	0.047591539	0	0	0	0	0	3
75	29	0	0.972413406	101324.438	101324.428	101324.397	101324.438	0.0401847362	0	0	0	0	0	3
76	30	0	0.985378918	101324.439	101324.429	101324.405	101324.439	0.0340670873	0	0	0	0	0	3
77	30	0	0.998344431	101324.439	101324.43	101324.409	101324.439	0.0300798619	0	0	0	0	0	3
78	31	0	1.01130994	101324.44	101324.431	101324.413	101324.44	0.0270412881	0.0111224589	0	0	0	0	3
79	31	0	1.02427545	101324.44	101324.431	101324.415	101324.44	0.0248932094	0.0111224589	0	0	0	0	3
80	31	0	1.03724097	101324.44	101324.432	101324.417	101324.44	0.0230183299	0.0111224589	0	0	0	0	3
81	32	0	1.05020648	101324.44	101324.433	101324.418	101324.44	0.0223179305	0.0111224589	0	0	0	0	3
82	32	0	1.06317199	101324.44	101324.433	101324.419	101324.44	0.0211201436	0.0111224589	0	0	0	0	3
83	32	0	1.0761375	101324.44	101324.434	101324.42	101324.44	0.0200715235	0.0111224589	0	0	0	0	3
84	33	0	1.08910302	101324.44	101324.434	101324.422	101324.44	0.0180261403	0.0111224589	0	0	0	0	3
85	33	0	1.10206853	101324.439	101324.435	101324.424	101324.44	0.0162330194	0.0111224589	0	0	0	0	3
86	34	0	1.11503404	101324.438	101324.435	101324.426	101324.44	0.0144257875	0.0111224589	0	0	0	0	3
87	34	0	1.12799955	101324.436	101324.435	101324.427	101324.44	0.0128557473	0.0111224589	0	0	0	0	3
88	34	0	1.14096506	101324.435	101324.435	101324.429	101324.44	0.0112375069	0.0111224589	0	0	0	0	3
89	35	0	1.15393058	101324.434	101324.436	101324.43	101324.44	0.0102493871	0.0111224589	0	0	0	0	3
90	35	0	1.16689609	101324.433	101324.436	101324.43	101324.44	0.0102493871	0.0111224589	0	0	0	0	3
91	36	0	1.1798616	101324.433	101324.436	101324.43	101324.44	0.0102493871	0.0111224589	0	0	0	0	3
92	36	0	1.19282711	101324.434	101324.436	101324.43	101324.44	0.0102493871	0.0111224589	0	0	0	0	3
93	37	0	1.20579262	101324.435	101324.436	101324.43	101324.44	0.0102493871	0.0111224589	0	0	0	0	3
94	37	0	1.21875814	101324.436	101324.436	101324.43	101324.44	0.0102493871	0.0111224589	0	0	0	0	3
95	37	0	1.23172365	101324.436	101324.436	101324.43	101324.44	0.0102493871	0.0111224589	0	0	0	0	3
96	38	0	1.24468916	101324.437	101324.436	101324.43	101324.44	0.0102493871	0.0111224589	0	0	0	0	3
97	38	0	1.25765467	101324.437	101324.436	101324.43	101324.44	0.0102493871	0.0111224589	0	0	0	0	3
98	39	0	1.27062018	101324.438	101324.436	101324.43	101324.44	0.0102493871	0.0111224589	0	0	0	0	3
99	39	0	1.2835857	101324.437	101324.436	101324.43	101324.44	0.0102493871	0.0111224589	0	0	0	0	3
100	39	0	1.29655121	101324.437	101324.436	101324.43	101324.44	0.0102493871	0.0111224589	0	0	0	0	3
101	40	0	1.30951672	101324.436	101324.436	101324.43	101324.44	0.0102493871	0.0111224589	0	0	0	0	3
102	41	0	1.32248223	101324.435	101324.436	101324.43	101324.44	0.0102493871	0.0111224589	0	0	0	0	3
103	41	0	1.33544774	101324.434	101324.436	101324.43	101324.44	0.0102493871	0.0111224589	0	0	0	0	3
104	41	0	1.34841326	101324.434	101324.436	101324.43	101324.44	0.0102493871	0.0111224589	0	0	0	0	3
105	42	0	1.36137877	101324.434	101324.436	101324.43	101324.44	0.0102493871	0.0111224589	0	0	0	0	3
106	42	0	1.37434428	101324.433	101324.436	101324.43	101324.44	0.010120355	0.0111224589	0	0	0	0	3
107	43	0	1.38730979	101324.433	101324.436	101324.43	101324.44	0.00995998766	0.0111224589	0	0	0	0	3
108	43	0	1.40027531	101324.432	101324.436	101324.431	101324.44	0.00904098942	0.0111224589	0	0	0	0	3
109	43	0	1.41324082	101324.432	101324.436	101324.432	101324.44	0.00790538966	0.0111224589	0	0	0	0	3
110	44	0	1.42620633	101324.433	101324.436	101324.432	101324.44	0.00790538966	0.0111224589	0	0	0	0	3
111	44	0	1.43917184	101324.433	101324.436	101324.432	101324.44	0.00790538966	0.0111224589	0	0	0	0	3
112	45	0	1.45213735	101324.434	101324.436	101324.432	101324.44	0.00790538966	0.0111224589	0	0	0	0	3
113	45	0	1.46510287	101324.434	101324.436	101324.432	101324.44	0.00790538966	0.0111224589	0	0	0	0	3
114	45	0	1.47806838	101324.434	101324.436	101324.432	101324.44	0.00717120706	0.0111224589	0	0	0	0	3
115	46	0	1.49103389	101324.435	101324.436	101324.432	101324.44	0.00627910522	0.0111224589	0	0	0	0	3
